1200 800
0 0 245
1 0 0
0 -1 0
-600 400 -1039.23
1200 800
0 0 240
1 0 0
0 -1 0
-600 400 -1039.23
1200 800
0 0 235
1 0 0
0 -1 0
-600 400 -1039.23
1200 800
0 0 230
1 0 0
0 -1 0
-600 400 -1039.23
1200 800
0 0 225
1 0 0
0 -1 0
-600 400 -1039.23
1200 800
0 0 220
1 0 0
0 -1 0
-600 400 -1039.23
1200 800
0 0 215
1 0 0
0 -1 0
-600 400 -1039.23
1200 800
0 0 210
1 0 0
0 -1 0
-600 400 -1039.23
1200 800
0 0 205
1 0 0
0 -1 0
-600 400 -1039.23
1200 800
0 0 200
1 0 0
0 -1 0
-600 400 -1039.23
1200 800
0 0 195
1 0 0
0 -1 0
-600 400 -1039.23
1200 800
0 0 190
1 0 0
0 -1 0
-600 400 -1039.23
1200 800
0 0 185
1 0 0
0 -1 0
-600 400 -1039.23
1200 800
0 0 180
1 0 0
0 -1 0
-600 400 -1039.23
1200 800
0 0 175
1 0 0
0 -1 0
-600 400 -1039.23
1200 800
0 0 170
1 0 0
0 -1 0
-600 400 -1039.23
1200 800
0 0 165
1 0 0
0 -1 0
-600 400 -1039.23
1200 800
0 0 160
1 0 0
0 -1 0
-600 400 -1039.23
1200 800
0 0 155
1 0 0
0 -1 0
-600 400 -1039.23
1200 800
0 0 150
1 0 0
0 -1 0
-600 400 -1039.23
1200 800
0 0 145
1 0 0
0 -1 0
-600 400 -1039.23
1200 800
0 0 140
1 0 0
0 -1 0
-600 400 -1039.23
1200 800
0 0 135
1 0 0
0 -1 0
-600 400 -1039.23
1200 800
0 0 130
1 0 0
0 -1 0
-600 400 -1039.23
1200 800
0 0 125
1 0 0
0 -1 0
-600 400 -1039.23
1200 800
0 0 120
1 0 0
0 -1 0
-600 400 -1039.23
1200 800
0 0 115
1 0 0
0 -1 0
-600 400 -1039.23
1200 800
0 0 110
1 0 0
0 -1 0
-600 400 -1039.23
1200 800
0 0 105
1 0 0
0 -1 0
-600 400 -1039.23
1200 800
0 0 100
1 0 0
0 -1 0
-600 400 -1039.23
1200 800
0 0 95
1 0 0
0 -1 0
-600 400 -1039.23
1200 800
0 0 90
1 0 0
0 -1 0
-600 400 -1039.23
1200 800
0 0 85
1 0 0
0 -1 0
-600 400 -1039.23
1200 800
0 0 80
1 0 0
0 -1 0
-600 400 -1039.23
1200 800
0 0 75
1 0 0
0 -1 0
-600 400 -1039.23
1200 800
0 0 70
1 0 0
0 -1 0
-600 400 -1039.23
1200 800
0 0 65
1 0 0
0 -1 0
-600 400 -1039.23
1200 800
0 0 60
1 0 0
0 -1 0
-600 400 -1039.23
1200 800
0 0 55
1 0 0
0 -1 0
-600 400 -1039.23
1200 800
0 0 50
1 0 0
0 -1 0
-600 400 -1039.23
1200 800
0 0 45
1 0 0
0 -1 0
-600 400 -1039.23
1200 800
0 0 40
1 0 0
0 -1 0
-600 400 -1039.23
1200 800
0 0 35
1 0 0
0 -1 0
-600 400 -1039.23
1200 800
0 0 30
1 0 0
0 -1 0
-600 400 -1039.23
1200 800
0 0 25
1 0 0
0 -1 0
-600 400 -1039.23
1200 800
0 0 20
1 0 0
0 -1 0
-600 400 -1039.23
1200 800
0 0 20
0.999848 -0.0174524 0
-0.0174524 -0.999848 0
-592.928 410.411 -1039.23
1200 800
0 0 20
0.999391 -0.0348995 0
-0.0348995 -0.999391 0
-585.675 420.696 -1039.23
1200 800
0 0 20
0.99863 -0.052336 0
-0.052336 -0.99863 0
-578.243 430.853 -1039.23
1200 800
0 0 20
0.997564 -0.0697565 0
-0.0697565 -0.997564 0
-570.636 440.88 -1039.23
1200 800
0 0 20
0.996195 -0.0871557 0
-0.0871557 -0.996195 0
-562.855 450.771 -1039.23
1200 800
0 0 20
0.994522 -0.104528 0
-0.104528 -0.994522 0
-554.902 460.526 -1039.23
1200 800
0 0 20
0.992546 -0.121869 0
-0.121869 -0.992546 0
-546.78 470.14 -1039.23
1200 800
0 0 20
0.990268 -0.139173 0
-0.139173 -0.990268 0
-538.492 479.611 -1039.23
1200 800
0 0 20
0.987689 -0.156434 0
-0.156434 -0.987689 0
-530.039 488.936 -1039.23
1200 800
0 0 20
0.984808 -0.173648 0
-0.173648 -0.984808 0
-521.425 498.112 -1039.23
1200 800
0 0 20
0.981627 -0.190809 0
-0.190809 -0.981627 0
-512.653 507.136 -1039.23
1200 800
0 0 20
0.978148 -0.207912 0
-0.207912 -0.978148 0
-503.724 516.006 -1039.23
1200 800
0 0 20
0.97437 -0.224951 0
-0.224951 -0.97437 0
-494.642 524.719 -1039.23
1200 800
0 0 20
0.970296 -0.241922 0
-0.241922 -0.970296 0
-485.409 533.272 -1039.23
1200 800
0 0 20
0.965926 -0.258819 0
-0.258819 -0.965926 0
-476.028 541.662 -1039.23
1200 800
0 0 20
0.961262 -0.275637 0
-0.275637 -0.961262 0
-466.502 549.887 -1039.23
1200 800
0 0 20
0.956305 -0.292372 0
-0.292372 -0.956305 0
-456.834 557.945 -1039.23
1200 800
0 0 20
0.951057 -0.309017 0
-0.309017 -0.951057 0
-447.027 565.833 -1039.23
1200 800
0 0 20
0.945519 -0.325568 0
-0.325568 -0.945519 0
-437.084 573.549 -1039.23
1200 800
0 0 20
0.939693 -0.34202 0
-0.34202 -0.939693 0
-427.008 581.089 -1039.23
1200 800
0 0 20
0.933581 -0.358368 0
-0.358368 -0.933581 0
-416.801 588.453 -1039.23
1200 800
0 0 20
0.927184 -0.374607 0
-0.374607 -0.927184 0
-406.468 595.638 -1039.23
1200 800
0 0 20
0.920505 -0.390731 0
-0.390731 -0.920505 0
-396.011 602.641 -1039.23
1200 800
0 0 20
0.913546 -0.406737 0
-0.406737 -0.913546 0
-385.433 609.46 -1039.23
1200 800
0 0 20
0.920505 -0.390731 0
-0.390731 -0.920505 0
-396.011 602.641 -1039.23
1200 800
0 0 20
0.927184 -0.374607 0
-0.374607 -0.927184 0
-406.468 595.638 -1039.23
1200 800
0 0 20
0.933581 -0.358368 0
-0.358368 -0.933581 0
-416.801 588.453 -1039.23
1200 800
0 0 20
0.939693 -0.34202 0
-0.34202 -0.939693 0
-427.008 581.089 -1039.23
1200 800
0 0 20
0.945519 -0.325568 0
-0.325568 -0.945519 0
-437.084 573.549 -1039.23
1200 800
0 0 20
0.951057 -0.309017 0
-0.309017 -0.951057 0
-447.027 565.833 -1039.23
1200 800
0 0 20
0.956305 -0.292372 0
-0.292372 -0.956305 0
-456.834 557.945 -1039.23
1200 800
0 0 20
0.961262 -0.275637 0
-0.275637 -0.961262 0
-466.502 549.887 -1039.23
1200 800
0 0 20
0.965926 -0.258819 0
-0.258819 -0.965926 0
-476.028 541.662 -1039.23
1200 800
0 0 20
0.970296 -0.241922 0
-0.241922 -0.970296 0
-485.409 533.272 -1039.23
1200 800
0 0 20
0.974371 -0.224951 0
-0.224951 -0.974371 0
-494.642 524.719 -1039.23
1200 800
0 0 20
0.978148 -0.207912 0
-0.207912 -0.978148 0
-503.724 516.006 -1039.23
1200 800
0 0 20
0.981628 -0.190809 0
-0.190809 -0.981628 0
-512.653 507.137 -1039.23
1200 800
0 0 20
0.984808 -0.173648 0
-0.173648 -0.984808 0
-521.426 498.112 -1039.23
1200 800
0 0 20
0.987689 -0.156434 0
-0.156434 -0.987689 0
-530.04 488.936 -1039.23
1200 800
0 0 20
0.990269 -0.139173 0
-0.139173 -0.990269 0
-538.492 479.611 -1039.23
1200 800
0 0 20
0.992547 -0.121869 0
-0.121869 -0.992547 0
-546.78 470.14 -1039.23
1200 800
0 0 20
0.994523 -0.104528 0
-0.104528 -0.994523 0
-554.902 460.526 -1039.23
1200 800
0 0 20
0.996195 -0.0871557 0
-0.0871557 -0.996195 0
-562.855 450.772 -1039.23
1200 800
0 0 20
0.997565 -0.0697564 0
-0.0697564 -0.997565 0
-570.636 440.88 -1039.23
1200 800
0 0 20
0.99863 -0.0523359 0
-0.0523359 -0.99863 0
-578.244 430.854 -1039.23
1200 800
0 0 20
0.999391 -0.0348994 0
-0.0348994 -0.999391 0
-585.675 420.696 -1039.23
1200 800
0 0 20
0.999848 -0.0174523 0
-0.0174523 -0.999848 0
-592.928 410.411 -1039.23
1200 800
-5 0 20
0.999848 -0.0174523 0
-0.0174523 -0.999848 0
-592.928 410.411 -1039.23
1200 800
-10 0 20
0.999848 -0.0174523 0
-0.0174523 -0.999848 0
-592.928 410.411 -1039.23
1200 800
-15 0 20
0.999848 -0.0174523 0
-0.0174523 -0.999848 0
-592.928 410.411 -1039.23
1200 800
-20 0 20
0.999848 -0.0174523 0
-0.0174523 -0.999848 0
-592.928 410.411 -1039.23
1200 800
-25 0 20
0.999848 -0.0174523 0
-0.0174523 -0.999848 0
-592.928 410.411 -1039.23
1200 800
-30 0 20
0.999848 -0.0174523 0
-0.0174523 -0.999848 0
-592.928 410.411 -1039.23
1200 800
-35 0 20
0.999848 -0.0174523 0
-0.0174523 -0.999848 0
-592.928 410.411 -1039.23
1200 800
-40 0 20
0.999848 -0.0174523 0
-0.0174523 -0.999848 0
-592.928 410.411 -1039.23
1200 800
-45 0 20
0.999848 -0.0174523 0
-0.0174523 -0.999848 0
-592.928 410.411 -1039.23
1200 800
-50 0 20
0.999848 -0.0174523 0
-0.0174523 -0.999848 0
-592.928 410.411 -1039.23
1200 800
-55 0 20
0.999848 -0.0174523 0
-0.0174523 -0.999848 0
-592.928 410.411 -1039.23
1200 800
-60 0 20
0.999848 -0.0174523 0
-0.0174523 -0.999848 0
-592.928 410.411 -1039.23
1200 800
-65 0 20
0.999848 -0.0174523 0
-0.0174523 -0.999848 0
-592.928 410.411 -1039.23
1200 800
-70 0 20
0.999848 -0.0174523 0
-0.0174523 -0.999848 0
-592.928 410.411 -1039.23
1200 800
-75 0 20
0.999848 -0.0174523 0
-0.0174523 -0.999848 0
-592.928 410.411 -1039.23
1200 800
-80 0 20
0.999848 -0.0174523 0
-0.0174523 -0.999848 0
-592.928 410.411 -1039.23
1200 800
-85 0 20
0.999848 -0.0174523 0
-0.0174523 -0.999848 0
-592.928 410.411 -1039.23
1200 800
-80 0 20
0.999848 -0.0174523 0
-0.0174523 -0.999848 0
-592.928 410.411 -1039.23
1200 800
-75 0 20
0.999848 -0.0174523 0
-0.0174523 -0.999848 0
-592.928 410.411 -1039.23
1200 800
-70 0 20
0.999848 -0.0174523 0
-0.0174523 -0.999848 0
-592.928 410.411 -1039.23
1200 800
-65 0 20
0.999848 -0.0174523 0
-0.0174523 -0.999848 0
-592.928 410.411 -1039.23
1200 800
-60 0 20
0.999848 -0.0174523 0
-0.0174523 -0.999848 0
-592.928 410.411 -1039.23
1200 800
-55 0 20
0.999848 -0.0174523 0
-0.0174523 -0.999848 0
-592.928 410.411 -1039.23
1200 800
-50 0 20
0.999848 -0.0174523 0
-0.0174523 -0.999848 0
-592.928 410.411 -1039.23
1200 800
-45 0 20
0.999848 -0.0174523 0
-0.0174523 -0.999848 0
-592.928 410.411 -1039.23
1200 800
-40 0 20
0.999848 -0.0174523 0
-0.0174523 -0.999848 0
-592.928 410.411 -1039.23
1200 800
-35 0 20
0.999848 -0.0174523 0
-0.0174523 -0.999848 0
-592.928 410.411 -1039.23
1200 800
-30 0 20
0.999848 -0.0174523 0
-0.0174523 -0.999848 0
-592.928 410.411 -1039.23
1200 800
-25 0 20
0.999848 -0.0174523 0
-0.0174523 -0.999848 0
-592.928 410.411 -1039.23
1200 800
-20 0 20
0.999848 -0.0174523 0
-0.0174523 -0.999848 0
-592.928 410.411 -1039.23
1200 800
-15 0 20
0.999848 -0.0174523 0
-0.0174523 -0.999848 0
-592.928 410.411 -1039.23
1200 800
-10 0 20
0.999848 -0.0174523 0
-0.0174523 -0.999848 0
-592.928 410.411 -1039.23
1200 800
-5 0 20
0.999848 -0.0174523 0
-0.0174523 -0.999848 0
-592.928 410.411 -1039.23
1200 800
0 0 20
0.999848 -0.0174523 0
-0.0174523 -0.999848 0
-592.928 410.411 -1039.23
1200 800
5 0 20
0.999848 -0.0174523 0
-0.0174523 -0.999848 0
-592.928 410.411 -1039.23
1200 800
10 0 20
0.999848 -0.0174523 0
-0.0174523 -0.999848 0
-592.928 410.411 -1039.23
1200 800
15 0 20
0.999848 -0.0174523 0
-0.0174523 -0.999848 0
-592.928 410.411 -1039.23
1200 800
20 0 20
0.999848 -0.0174523 0
-0.0174523 -0.999848 0
-592.928 410.411 -1039.23
1200 800
25 0 20
0.999848 -0.0174523 0
-0.0174523 -0.999848 0
-592.928 410.411 -1039.23
1200 800
30 0 20
0.999848 -0.0174523 0
-0.0174523 -0.999848 0
-592.928 410.411 -1039.23
1200 800
35 0 20
0.999848 -0.0174523 0
-0.0174523 -0.999848 0
-592.928 410.411 -1039.23
1200 800
40 0 20
0.999848 -0.0174523 0
-0.0174523 -0.999848 0
-592.928 410.411 -1039.23
1200 800
45 0 20
0.999848 -0.0174523 0
-0.0174523 -0.999848 0
-592.928 410.411 -1039.23
1200 800
50 0 20
0.999848 -0.0174523 0
-0.0174523 -0.999848 0
-592.928 410.411 -1039.23
1200 800
55 0 20
0.999848 -0.0174523 0
-0.0174523 -0.999848 0
-592.928 410.411 -1039.23
1200 800
60 0 20
0.999848 -0.0174523 0
-0.0174523 -0.999848 0
-592.928 410.411 -1039.23
1200 800
55 0 20
0.999848 -0.0174523 0
-0.0174523 -0.999848 0
-592.928 410.411 -1039.23
1200 800
50 0 20
0.999848 -0.0174523 0
-0.0174523 -0.999848 0
-592.928 410.411 -1039.23
1200 800
45 0 20
0.999848 -0.0174523 0
-0.0174523 -0.999848 0
-592.928 410.411 -1039.23
1200 800
40 0 20
0.999848 -0.0174523 0
-0.0174523 -0.999848 0
-592.928 410.411 -1039.23
1200 800
35 0 20
0.999848 -0.0174523 0
-0.0174523 -0.999848 0
-592.928 410.411 -1039.23
1200 800
30 0 20
0.999848 -0.0174523 0
-0.0174523 -0.999848 0
-592.928 410.411 -1039.23
1200 800
25 0 20
0.999848 -0.0174523 0
-0.0174523 -0.999848 0
-592.928 410.411 -1039.23
1200 800
20 0 20
0.999848 -0.0174523 0
-0.0174523 -0.999848 0
-592.928 410.411 -1039.23
1200 800
15 0 20
0.999848 -0.0174523 0
-0.0174523 -0.999848 0
-592.928 410.411 -1039.23
1200 800
10 0 20
0.999848 -0.0174523 0
-0.0174523 -0.999848 0
-592.928 410.411 -1039.23
1200 800
5 0 20
0.999848 -0.0174523 0
-0.0174523 -0.999848 0
-592.928 410.411 -1039.23
1200 800
5 0 25
0.999848 -0.0174523 0
-0.0174523 -0.999848 0
-592.928 410.411 -1039.23
1200 800
5 0 30
0.999848 -0.0174523 0
-0.0174523 -0.999848 0
-592.928 410.411 -1039.23
1200 800
5 0 35
0.999848 -0.0174523 0
-0.0174523 -0.999848 0
-592.928 410.411 -1039.23
1200 800
5 0 40
0.999848 -0.0174523 0
-0.0174523 -0.999848 0
-592.928 410.411 -1039.23
1200 800
5 0 45
0.999848 -0.0174523 0
-0.0174523 -0.999848 0
-592.928 410.411 -1039.23
1200 800
5 0 50
0.999848 -0.0174523 0
-0.0174523 -0.999848 0
-592.928 410.411 -1039.23
1200 800
5 0 55
0.999848 -0.0174523 0
-0.0174523 -0.999848 0
-592.928 410.411 -1039.23
1200 800
5 0 60
0.999848 -0.0174523 0
-0.0174523 -0.999848 0
-592.928 410.411 -1039.23
1200 800
5 0 65
0.999848 -0.0174523 0
-0.0174523 -0.999848 0
-592.928 410.411 -1039.23
1200 800
5 0 70
0.999848 -0.0174523 0
-0.0174523 -0.999848 0
-592.928 410.411 -1039.23
1200 800
5 0 75
0.999848 -0.0174523 0
-0.0174523 -0.999848 0
-592.928 410.411 -1039.23
1200 800
5 0 80
0.999848 -0.0174523 0
-0.0174523 -0.999848 0
-592.928 410.411 -1039.23
1200 800
5 0 85
0.999848 -0.0174523 0
-0.0174523 -0.999848 0
-592.928 410.411 -1039.23
1200 800
5 0 90
0.999848 -0.0174523 0
-0.0174523 -0.999848 0
-592.928 410.411 -1039.23
1200 800
5 0 95
0.999848 -0.0174523 0
-0.0174523 -0.999848 0
-592.928 410.411 -1039.23
1200 800
5 0 100
0.999848 -0.0174523 0
-0.0174523 -0.999848 0
-592.928 410.411 -1039.23
1200 800
5 0 105
0.999848 -0.0174523 0
-0.0174523 -0.999848 0
-592.928 410.411 -1039.23
1200 800
5 0 110
0.999848 -0.0174523 0
-0.0174523 -0.999848 0
-592.928 410.411 -1039.23
1200 800
5 0 115
0.999848 -0.0174523 0
-0.0174523 -0.999848 0
-592.928 410.411 -1039.23
1200 800
5 0 120
0.999848 -0.0174523 0
-0.0174523 -0.999848 0
-592.928 410.411 -1039.23
1200 800
5 0 125
0.999848 -0.0174523 0
-0.0174523 -0.999848 0
-592.928 410.411 -1039.23
1200 800
5 0 125
0.999848 -0.0174523 0
-0.0174523 -0.999848 0
-592.928 410.411 -1143.15
1200 800
5 0 125
0.999848 -0.0174523 0
-0.0174523 -0.999848 0
-592.928 410.411 -1257.47
1200 800
5 0 125
0.999848 -0.0174523 0
-0.0174523 -0.999848 0
-592.928 410.411 -1383.22
1200 800
5 0 125
0.999848 -0.0174523 0
-0.0174523 -0.999848 0
-592.928 410.411 -1521.54
1200 800
5 0 125
0.999848 -0.0174523 0
-0.0174523 -0.999848 0
-592.928 410.411 -1673.69
1200 800
5 0 125
0.999848 -0.0174523 0
-0.0174523 -0.999848 0
-592.928 410.411 -1841.06
1200 800
5 0 125
0.999848 -0.0174523 0
-0.0174523 -0.999848 0
-592.928 410.411 -2025.17
1200 800
5 0 125
0.999848 -0.0174523 0
-0.0174523 -0.999848 0
-592.928 410.411 -2227.68
1200 800
5 0 125
0.999848 -0.0174523 0
-0.0174523 -0.999848 0
-592.928 410.411 -2450.45
1200 800
5 0 125
0.999848 -0.0174523 0
-0.0174523 -0.999848 0
-592.928 410.411 -2695.5
1200 800
5 0 125
0.999848 -0.0174523 0
-0.0174523 -0.999848 0
-592.928 410.411 -2965.05
1200 800
5 0 125
0.999848 -0.0174523 0
-0.0174523 -0.999848 0
-592.928 410.411 -3261.55
1200 800
5 0 125
0.999848 -0.0174523 0
-0.0174523 -0.999848 0
-592.928 410.411 -2935.4
1200 800
5 0 125
0.999848 -0.0174523 0
-0.0174523 -0.999848 0
-592.928 410.411 -2641.86
1200 800
5 0 125
0.999848 -0.0174523 0
-0.0174523 -0.999848 0
-592.928 410.411 -2377.67
1200 800
5 0 125
0.999848 -0.0174523 0
-0.0174523 -0.999848 0
-592.928 410.411 -2139.9
1200 800
5 0 125
0.999848 -0.0174523 0
-0.0174523 -0.999848 0
-592.928 410.411 -1925.91
1200 800
5 0 125
0.999848 -0.0174523 0
-0.0174523 -0.999848 0
-592.928 410.411 -1733.32
1200 800
5 0 125
0.999848 -0.0174523 0
-0.0174523 -0.999848 0
-592.928 410.411 -1559.99
1200 800
5 0 125
0.999848 -0.0174523 0
-0.0174523 -0.999848 0
-592.928 410.411 -1403.99
1200 800
5 0 125
0.999848 -0.0174523 0
-0.0174523 -0.999848 0
-592.928 410.411 -1263.59
1200 800
5 0 125
0.999848 -0.0174523 0
-0.0174523 -0.999848 0
-592.928 410.411 -1137.23
1200 800
5 0 125
0.999848 -0.0174523 0
-0.0174523 -0.999848 0
-592.928 410.411 -1250.96
1200 800
5 0 125
0.999696 -0.0174497 0.0174524
-0.0174523 -0.999848 0
-571.008 410.028 -1261.24
1200 800
5 0 125
0.999239 -0.0174417 0.0348995
-0.0174523 -0.999848 0
-548.912 409.643 -1271.13
1200 800
5 0 125
0.998478 -0.0174284 0.052336
-0.0174523 -0.999848 0
-526.646 409.254 -1280.64
1200 800
5 0 125
0.997413 -0.0174098 0.0697565
-0.0174523 -0.999848 0
-504.218 408.862 -1289.76
1200 800
5 0 125
0.996044 -0.0173859 0.0871558
-0.0174523 -0.999848 0
-481.634 408.468 -1298.49
1200 800
5 0 125
0.994371 -0.0173567 0.104529
-0.0174523 -0.999848 0
-458.901 408.071 -1306.82
1200 800
5 0 125
0.992396 -0.0173222 0.121869
-0.0174523 -0.999848 0
-436.026 407.672 -1314.75
1200 800
5 0 125
0.990118 -0.0172825 0.139173
-0.0174523 -0.999848 0
-413.017 407.27 -1322.29
1200 800
5 0 125
0.987539 -0.0172375 0.156435
-0.0174523 -0.999848 0
-389.879 406.867 -1329.42
1200 800
5 0 125
0.984659 -0.0171872 0.173648
-0.0174523 -0.999848 0
-366.621 406.461 -1336.14
1200 800
5 0 125
0.981478 -0.0171317 0.190809
-0.0174523 -0.999848 0
-343.249 406.053 -1342.46
1200 800
5 0 125
0.977999 -0.017071 0.207912
-0.0174523 -0.999848 0
-319.77 405.643 -1348.37
1200 800
5 0 125
0.974222 -0.017005 0.224951
-0.0174523 -0.999848 0
-296.192 405.231 -1353.86
1200 800
5 0 125
0.970149 -0.0169339 0.241922
-0.0174523 -0.999848 0
-272.521 404.818 -1358.95
1200 800
5 0 125
0.965779 -0.0168577 0.258819
-0.0174523 -0.999848 0
-248.765 404.403 -1363.62
1200 800
5 0 125
0.961116 -0.0167763 0.275638
-0.0174523 -0.999848 0
-224.931 403.987 -1367.88
1200 800
5 0 125
0.95616 -0.0166897 0.292372
-0.0174523 -0.999848 0
-201.027 403.57 -1371.72
1200 800
5 0 125
0.950912 -0.0165981 0.309017
-0.0174523 -0.999848 0
-177.059 403.152 -1375.14
1200 800
5 0 125
0.95616 -0.0166897 0.292372
-0.0174523 -0.999848 0
-201.027 403.57 -1371.72
1200 800
5 0 125
0.961116 -0.0167762 0.275638
-0.0174523 -0.999848 0
-224.931 403.987 -1367.88
1200 800
5 0 125
0.965779 -0.0168576 0.258819
-0.0174523 -0.999848 0
-248.765 404.403 -1363.62
1200 800
5 0 125
0.970149 -0.0169339 0.241922
-0.0174523 -0.999848 0
-272.521 404.818 -1358.95
1200 800
5 0 125
0.974222 -0.017005 0.224951
-0.0174523 -0.999848 0
-296.192 405.231 -1353.86
1200 800
5 0 125
0.977999 -0.0170709 0.207912
-0.0174523 -0.999848 0
-319.77 405.642 -1348.37
1200 800
5 0 125
0.981478 -0.0171317 0.190809
-0.0174523 -0.999848 0
-343.249 406.052 -1342.46
1200 800
5 0 125
0.984659 -0.0171872 0.173648
-0.0174523 -0.999848 0
-366.621 406.46 -1336.14
1200 800
5 0 125
0.987539 -0.0172374 0.156435
-0.0174523 -0.999848 0
-389.88 406.866 -1329.42
1200 800
5 0 125
0.990118 -0.0172825 0.139173
-0.0174523 -0.999848 0
-413.017 407.27 -1322.29
1200 800
5 0 125
0.992396 -0.0173222 0.121869
-0.0174523 -0.999848 0
-436.027 407.672 -1314.75
1200 800
5 0 125
0.994371 -0.0173567 0.104529
-0.0174523 -0.999848 0
-458.902 408.071 -1306.82
1200 800
5 0 125
0.996044 -0.0173859 0.0871558
-0.0174523 -0.999848 0
-481.634 408.468 -1298.49
1200 800
5 0 125
0.997413 -0.0174098 0.0697566
-0.0174523 -0.999848 0
-504.218 408.862 -1289.76
1200 800
5 0 125
0.998478 -0.0174284 0.052336
-0.0174523 -0.999848 0
-526.646 409.253 -1280.64
1200 800
5 0 125
0.99924 -0.0174417 0.0348996
-0.0174523 -0.999848 0
-548.912 409.642 -1271.13
1200 800
5 0 125
0.999696 -0.0174496 0.0174525
-0.0174523 -0.999848 0
-571.008 410.028 -1261.24
1200 800
5 0 125
0.999849 -0.0174523 3.35276e-08
-0.0174523 -0.999848 0
-592.929 410.41 -1250.96
1200 800
5 0 125
0.999696 -0.0174496 -0.0174524
-0.0174523 -0.999848 0
-614.666 410.79 -1240.29
1200 800
5 0 125
0.99924 -0.0174417 -0.0348995
-0.0174523 -0.999848 0
-636.214 411.166 -1229.25
1200 800
5 0 125
0.998478 -0.0174284 -0.052336
-0.0174523 -0.999848 0
-657.566 411.539 -1217.84
1200 800
5 0 125
0.997413 -0.0174098 -0.0697565
-0.0174523 -0.999848 0
-678.716 411.908 -1206.05
1200 800
5 0 125
0.996044 -0.0173859 -0.0871558
-0.0174523 -0.999848 0
-699.657 412.273 -1193.9
1200 800
5 0 125
0.994371 -0.0173567 -0.104529
-0.0174523 -0.999848 0
-720.383 412.635 -1181.39
1200 800
5 0 125
0.992396 -0.0173222 -0.121869
-0.0174523 -0.999848 0
-740.887 412.993 -1168.51
1200 800
5 0 125
0.990118 -0.0172825 -0.139173
-0.0174523 -0.999848 0
-761.163 413.347 -1155.28
1200 800
5 0 125
0.987539 -0.0172374 -0.156435
-0.0174523 -0.999848 0
-781.206 413.697 -1141.69
1200 800
5 0 125
0.984659 -0.0171872 -0.173648
-0.0174523 -0.999848 0
-801.008 414.042 -1127.76
1200 800
5 0 125
0.981479 -0.0171316 -0.190809
-0.0174523 -0.999848 0
-820.564 414.384 -1113.49
1200 800
5 0 125
0.978 -0.0170709 -0.207912
-0.0174523 -0.999848 0
-839.868 414.72 -1098.87
1200 800
5 0 125
0.974223 -0.017005 -0.224951
-0.0174523 -0.999848 0
-858.914 415.053 -1083.92
1200 800
5 0 125
0.970149 -0.0169339 -0.241922
-0.0174523 -0.999848 0
-877.697 415.381 -1068.64
1200 800
5 0 125
0.96578 -0.0168576 -0.258819
-0.0174523 -0.999848 0
-896.209 415.704 -1053.04
1200 800
5 0 125
0.961116 -0.0167762 -0.275638
-0.0174523 -0.999848 0
-914.447 416.022 -1037.11
1200 800
5 0 125
0.95616 -0.0166897 -0.292372
-0.0174523 -0.999848 0
-932.404 416.336 -1020.87
1200 800
5 0 125
0.950913 -0.0165981 -0.309017
-0.0174523 -0.999848 0
-950.075 416.644 -1004.32
1200 800
5 0 125
0.945376 -0.0165015 -0.325568
-0.0174523 -0.999848 0
-967.454 416.947 -987.461
1200 800
5 0 125
0.939551 -0.0163998 -0.342021
-0.0174523 -0.999848 0
-984.537 417.246 -970.302
1200 800
5 0 125
0.945376 -0.0165015 -0.325568
-0.0174523 -0.999848 0
-967.455 416.947 -987.461
1200 800
5 0 125
0.950913 -0.0165981 -0.309017
-0.0174523 -0.999848 0
-950.075 416.644 -1004.32
1200 800
5 0 125
0.95616 -0.0166897 -0.292372
-0.0174523 -0.999848 0
-932.404 416.336 -1020.87
1200 800
5 0 125
0.961116 -0.0167762 -0.275638
-0.0174523 -0.999848 0
-914.447 416.022 -1037.11
1200 800
5 0 125
0.96578 -0.0168576 -0.258819
-0.0174523 -0.999848 0
-896.21 415.704 -1053.04
1200 800
5 0 125
0.970149 -0.0169339 -0.241922
-0.0174523 -0.999848 0
-877.697 415.381 -1068.64
1200 800
5 0 125
0.974223 -0.017005 -0.224951
-0.0174523 -0.999848 0
-858.914 415.053 -1083.92
1200 800
5 0 125
0.978 -0.0170709 -0.207912
-0.0174523 -0.999848 0
-839.868 414.72 -1098.87
1200 800
5 0 125
0.981479 -0.0171316 -0.190809
-0.0174523 -0.999848 0
-820.564 414.383 -1113.49
1200 800
5 0 125
0.984659 -0.0171871 -0.173648
-0.0174523 -0.999848 0
-801.008 414.042 -1127.76
1200 800
5 0 125
0.987539 -0.0172374 -0.156435
-0.0174523 -0.999848 0
-781.206 413.696 -1141.69
1200 800
5 0 125
0.990118 -0.0172824 -0.139173
-0.0174523 -0.999848 0
-761.164 413.346 -1155.28
1200 800
5 0 125
0.992396 -0.0173222 -0.121869
-0.0174523 -0.999848 0
-740.888 412.993 -1168.51
1200 800
5 0 125
0.994372 -0.0173567 -0.104529
-0.0174523 -0.999848 0
-720.383 412.635 -1181.39
1200 800
5 0 125
0.996044 -0.0173859 -0.0871558
-0.0174523 -0.999848 0
-699.658 412.273 -1193.9
1200 800
5 0 125
0.997413 -0.0174098 -0.0697566
-0.0174523 -0.999848 0
-678.717 411.907 -1206.06
1200 800
5 0 125
0.998479 -0.0174284 -0.052336
-0.0174523 -0.999848 0
-657.567 411.538 -1217.84
1200 800
5 0 125
0.99924 -0.0174416 -0.0348995
-0.0174523 -0.999848 0
-636.215 411.165 -1229.26
1200 800
5 0 125
0.999697 -0.0174496 -0.0174524
-0.0174523 -0.999848 0
-614.667 410.789 -1240.29
1200 800
5 0 125
0.999849 -0.0174523 1.86265e-09
-0.0174523 -0.999848 0
-592.929 410.41 -1250.96
1200 800
5 0 125
0.999697 -0.0174496 0.0174524
-0.0174523 -0.999848 0
-571.009 410.027 -1261.24
1200 800
5 0 125
0.999697 -0.0174496 0.0174524
-0.0177542 -0.999691 0.0174498
-571.273 388.135 -1268.03
1200 800
5 0 125
0.999697 -0.0174496 0.0174524
-0.0180507 -0.999229 0.0348942
-571.545 366.128 -1274.43
1200 800
5 0 125
0.999697 -0.0174496 0.0174524
-0.0183417 -0.998462 0.052328
-571.826 344.013 -1280.46
1200 800
5 0 125
0.999697 -0.0174496 0.0174524
-0.0186271 -0.997392 0.0697459
-572.115 321.796 -1286.09
1200 800
5 0 125
0.999697 -0.0174496 0.0174524
-0.0189068 -0.996017 0.0871425
-572.413 299.485 -1291.34
1200 800
5 0 125
0.999697 -0.0174496 0.0174524
-0.0191807 -0.994339 0.104513
-572.719 277.085 -1296.19
1200 800
5 0 125
0.999697 -0.0174496 0.0174524
-0.0194488 -0.992359 0.121851
-573.034 254.604 -1300.66
1200 800
5 0 125
0.999697 -0.0174496 0.0174524
-0.019711 -0.990076 0.139152
-573.356 232.049 -1304.73
1200 800
5 0 125
0.999697 -0.0174496 0.0174524
-0.0199672 -0.987491 0.156411
-573.687 209.426 -1308.4
1200 800
5 0 125
0.999697 -0.0174496 0.0174524
-0.0202173 -0.984606 0.173622
-574.026 186.743 -1311.69
1200 800
5 0 125
0.999697 -0.0174496 0.0174524
-0.0204613 -0.981421 0.19078
-574.372 164.005 -1314.57
1200 800
5 0 125
0.999697 -0.0174496 0.0174524
-0.020699 -0.977936 0.20788
-574.726 141.222 -1317.06
1200 800
5 0 125
0.999697 -0.0174496 0.0174524
-0.0209304 -0.974154 0.224917
-575.088 118.398 -1319.15
1200 800
5 0 125
0.999697 -0.0174496 0.0174524
-0.0211554 -0.970075 0.241885
-575.458 95.5414 -1320.84
1200 800
5 0 125
0.999697 -0.0174496 0.0174524
-0.021374 -0.965701 0.25878
-575.834 72.6589 -1322.13
1200 800
5 0 125
0.999697 -0.0174496 0.0174524
-0.0215861 -0.961032 0.275596
-576.219 49.7574 -1323.02
1200 800
5 0 125
0.999697 -0.0174496 0.0174524
-0.021374 -0.965701 0.25878
-575.834 72.6589 -1322.13
1200 800
5 0 125
0.999697 -0.0174496 0.0174524
-0.0211554 -0.970075 0.241885
-575.458 95.5414 -1320.84
1200 800
5 0 125
0.999697 -0.0174496 0.0174524
-0.0209304 -0.974154 0.224917
-575.088 118.398 -1319.15
1200 800
5 0 125
0.999697 -0.0174496 0.0174524
-0.020699 -0.977936 0.20788
-574.726 141.222 -1317.06
1200 800
5 0 125
0.999697 -0.0174496 0.0174524
-0.0204613 -0.981421 0.19078
-574.372 164.006 -1314.57
1200 800
5 0 125
0.999697 -0.0174496 0.0174524
-0.0202173 -0.984606 0.173622
-574.025 186.743 -1311.69
1200 800
5 0 125
0.999697 -0.0174496 0.0174524
-0.0199672 -0.987491 0.156411
-573.687 209.426 -1308.4
1200 800
5 0 125
0.999697 -0.0174496 0.0174524
-0.019711 -0.990076 0.139152
-573.356 232.049 -1304.73
1200 800
5 0 125
0.999697 -0.0174496 0.0174524
-0.0194489 -0.992359 0.121851
-573.033 254.604 -1300.66
1200 800
5 0 125
0.999697 -0.0174496 0.0174524
-0.0191807 -0.99434 0.104513
-572.719 277.085 -1296.19
1200 800
5 0 125
0.999697 -0.0174496 0.0174524
-0.0189068 -0.996018 0.0871426
-572.413 299.485 -1291.34
1200 800
5 0 125
0.999697 -0.0174496 0.0174524
-0.0186271 -0.997392 0.0697459
-572.115 321.797 -1286.09
1200 800
5 0 125
0.999697 -0.0174496 0.0174524
-0.0183417 -0.998463 0.0523281
-571.826 344.014 -1280.46
1200 800
5 0 125
0.999697 -0.0174496 0.0174524
-0.0180507 -0.999229 0.0348942
-571.545 366.129 -1274.43
1200 800
5 0 125
0.999697 -0.0174496 0.0174524
-0.0177542 -0.999692 0.0174498
-571.272 388.136 -1268.03
1200 800
5 0 125
0.999697 -0.0174496 0.0174524
-0.0174523 -0.999849 -1.30385e-08
-571.009 410.028 -1261.24
1200 800
5 0 125
0.999697 -0.0174496 0.0174524
-0.0171451 -0.999702 -0.0174498
-570.754 431.798 -1254.07
1200 800
5 0 125
0.999697 -0.0174496 0.0174524
-0.0168327 -0.999251 -0.0348943
-570.508 453.44 -1246.52
1200 800
5 0 125
0.999697 -0.0174496 0.0174524
-0.0165152 -0.998495 -0.0523281
-570.271 474.947 -1238.59
1200 800
5 0 125
0.999697 -0.0174496 0.0174524
-0.0161926 -0.997435 -0.069746
-570.043 496.312 -1230.29
1200 800
5 0 125
0.999697 -0.0174496 0.0174524
-0.0158651 -0.996071 -0.0871426
-569.824 517.529 -1221.62
1200 800
5 0 125
0.999697 -0.0174496 0.0174524
-0.0155327 -0.994404 -0.104513
-569.614 538.592 -1212.58
1200 800
5 0 125
0.999697 -0.0174496 0.0174524
-0.0151957 -0.992434 -0.121851
-569.413 559.495 -1203.18
1200 800
5 0 125
0.999697 -0.0174496 0.0174524
-0.014854 -0.990161 -0.139152
-569.222 580.23 -1193.41
1200 800
5 0 125
0.999697 -0.0174496 0.0174524
-0.0145077 -0.987587 -0.156411
-569.04 600.791 -1183.28
1200 800
5 0 125
0.999697 -0.0174496 0.0174524
-0.0141571 -0.984712 -0.173622
-568.867 621.172 -1172.79
1200 800
5 0 125
0.999697 -0.0174496 0.0174524
-0.0145077 -0.987587 -0.156411
-569.04 600.791 -1183.28
1200 800
5 0 125
0.999697 -0.0174496 0.0174524
-0.014854 -0.990161 -0.139152
-569.222 580.23 -1193.41
1200 800
5 0 125
0.999697 -0.0174496 0.0174524
-0.0151957 -0.992434 -0.121851
-569.413 559.495 -1203.18
1200 800
5 0 125
0.999697 -0.0174496 0.0174524
-0.0155327 -0.994404 -0.104513
-569.614 538.593 -1212.58
1200 800
5 0 125
0.999697 -0.0174496 0.0174524
-0.0158651 -0.996071 -0.0871426
-569.824 517.53 -1221.62
1200 800
5 0 125
0.999697 -0.0174496 0.0174524
-0.0161926 -0.997435 -0.069746
-570.043 496.312 -1230.29
1200 800
5 0 125
0.999697 -0.0174496 0.0174524
-0.0165152 -0.998495 -0.0523281
-570.271 474.947 -1238.59
1200 800
5 0 125
0.999697 -0.0174496 0.0174524
-0.0168327 -0.999251 -0.0348943
-570.508 453.44 -1246.52
1200 800
5 0 125
0.999697 -0.0174496 0.0174524
-0.0171451 -0.999703 -0.0174498
-570.754 431.798 -1254.07
1200 800
5 0 125
0.999697 -0.0174496 0.0174524
-0.0174523 -0.99985 -2.23517e-08
-571.009 410.028 -1261.24
1200 800
5 0 125
0.999697 -0.0174496 0.0174524
-0.0177542 -0.999692 0.0174498
-571.272 388.136 -1268.03
1200 800
5 0 125
0.999697 -0.0174496 0.0174524
-0.0180507 -0.99923 0.0348942
-571.545 366.129 -1274.44
1200 800
5 0 125
0.999697 -0.0174496 0.0174524
-0.0183417 -0.998464 0.0523281
-571.826 344.014 -1280.46
1200 800
5 0 125
0.999697 -0.0174496 0.0174524
-0.0186271 -0.997393 0.069746
-572.115 321.797 -1286.09
